0.4482969493224901
0.4054448347577836
0.33697333555734066
0.2652620718648833
0.2116907660445025
0.18867283607214708
0.1861227045185166
0.1894453015356075
0.19237411972292823
0.1935262004435472
0.1929200302224474
0.190805960782769
0.18741520376191473
0.1829509266164666
0.17762441401367327
0.1716806541929487
0.16539294790785708
0.15902724898387732
0.15280181133104706
0.1468741013403978
0.14135751686030512
0.13633744617541685
0.13186590685876465
0.12794971253643428
0.12455235540122286
0.12160606059266488
0.11902359314422573
0.11671117512257487
0.11458599889156564
0.1125927209749099
0.11070947427215275
0.10894015456911627
0.10729856782778355
0.10579405282865831
0.10442537445208039
0.10318304356782616
0.10205514206183612
0.1010314817059605
0.10010421521464459
0.09926621948878593
0.09850947639352026
0.09782468964776489
0.09720204302762642
0.09663233632303904
0.09610780115540167
0.09562230752132364
0.09517106029363007
0.09475008265040202
0.09435577896346355
0.09398473662632029
0.09363376390908375
0.09330004992072777
0.0929813082893078
0.09267581445103772
0.0923823236506986
0.09209991773752799
0.09182784933513446
0.0915654345106568
0.09131200971470659
0.09106693774566443
0.09082963367365518
0.09059958544417399
0.09037635729468577
0.09015957753780823
0.08994891956157149
0.08974408506048256
0.08954479425165021
0.08935078291834264
0.08916180319544761
0.08897762472773861
0.0887980343014867
0.08862283385411399
0.0884518378623128
0.0882848712098232
0.08812176807228596
0.08796237167724585
0.08780653440876993
0.08765411773640905
0.08750499172036473
0.08735903415442291
0.08721612958853053
0.0870761684778868
0.08693904659070217
0.08680466466681289
0.08667292822814993
0.0865437474249924
0.08641703684090228
0.08629271523671926
0.08617070525753665
0.08605093314197312
0.08593332846419079
0.08581782391943017
0.08570435514656755
0.08559286057334417
0.08548328127138105
0.08537556081448874
0.08526964514012994
0.08516548241721258
0.08506302292332316
0.08496221893248299
0.08486302461235345
0.08476539592871646
0.08466929055522775
0.08457466778737066
0.08448148846052031
0.0843897148725687
0.08429931071155308
0.08421024098836388
0.08412247197418335
0.08403597114204461
0.08395070711187644
0.08386664959854731
0.08378376936262788
0.08370203816374766
0.0836214287164861
0.08354191464872437
0.08346347046233026
0.08338607149600456
0.0833096938900997
0.08323431455323897
0.08315991113059544
0.08308646197372524
0.08301394611187247
0.0829423432246737
0.08287163361619138
0.08280179819020503
0.08273281842668781
0.08266467635940078
0.08259735455454228
0.08253083609039624
0.0824651045379282
0.08240014394228126
0.08233593880512549
0.08227247406781575
0.08220973509531401
0.0821477076608346
0.08208637793117247
0.08202573245267833
0.08196575813784604
0.08190644225248077
0.08184777240341781
0.08178973652676365
0.08173232287663298
0.08167552001435614
0.08161931679813345
0.08156370237311417
0.08150866616187946
0.08145419785530998
0.08140028740381947
0.08134692500893756
0.08129410111522545
0.08124180640250861
0.08119003177841268
0.08113876837118825
0.08108800752281144
0.08103774078234813
0.08098795989956992
0.08093865681881059
0.08088982367305232
0.08084145277823186
0.0807935366277567
0.08074606788722224
0.08069903938932119
0.08065244412893686
0.08060627525841284
0.08056052608299093
0.08051519005641078
0.08047026077666432
0.08042573198189829
0.0803815975464591
0.08033785147707409
0.08029448790916333
0.08025150110327722
0.08020888544165444
0.08016663542489563
0.08012474566874797
0.08008321090099679
0.0800420259584595
0.08000118578407817
0.07996068542410689
0.0799205200253903
0.07988068483272938
0.07984117518633213
0.07980198651934498
0.07976311435546232
0.07972455430661138
0.07968630207070924
0.0796483534294897
0.07961070424639721
0.07957335046454564
0.07953628810473913
0.07949951326355334
0.0794630221114744
0.07942681089109388
0.0793908759153576
0.07935521356586644
0.07931982029122739
0.07928469260545279
0.07924982708640677
0.07921522037429629
